POS_WEIGHT=12.0
ROT_WEIGHT=0.15
OFFSET_Y=-0.13
OFFSET_SWITCH_TOL=0.022
OFFSET_SWITCH_STEPS=8
GRASP_TOL=0.02
GRASP_HOLD_STEPS=10
attach_time=1.9420000000000015
grasp_time=2.231999999999976
dynamic_success=1
min_hold_err=0.01744114554606895
min_target_err=0.005426077561569002
ori_dot_y_at_grasp=0.998834753835562
score=2.8454714823245766